E : 0.30810899999824 : pressed
E : 0.3916666666637 : relased
E : 1.16249999998581 : pressed
E : 1.24583333331793 : relased
A : 1.42638888887086 : pressed
S : 1.56527777775773 : pressed
A : 1.58611111109076 : relased
S : 1.58611111109076 : relased
D : 1.61388888886813 : pressed
d : 1.80295880950052 : relased
Q : 1.81724452378603 : pressed
Q : 1.98153023806935 : relased
D : 2.2897104444146 : pressed
A : 2.37334299996928 : pressed
d : 2.40819477774676 : relased
S : 2.5262503333006 : pressed
A : 2.60263922218837 : relased
S : 2.70680588885352 : relased
E : 2.89438999996219 : pressed
E : 3.01938999996037 : relased
